# Created by Octave 6.4.0, Fri Dec 10 10:58:40 2021 GMT <unknown@LAPTOP-AKB7TAJ0>
# name: X
# type: matrix
# rows: 20
# columns: 2
 -4 14
 -2 12
 -2 9
 2 11
 2 14
 5 12
 4 17
 7 15
 6 20
 9 17
 3 1
 3 3
 6 1
 6 5
 9 4
 9 7
 12 5
 14 7
 13 9
 14 10


# name: y
# type: matrix
# rows: 20
# columns: 1
 1
 -1
 1
 1
 1
 -1
 1
 1
 1
 1
 -1
 -1
 -1
 -1
 -1
 1
 -1
 1
 -1
 1


