# Created by Octave 6.4.0, Sat Dec 11 15:29:55 2021 GMT <unknown@LAPTOP-AKB7TAJ0>
# name: X
# type: matrix
# rows: 20
# columns: 3
 -4 14 6
 -2 12 9
 -2 9 -5
 2 11 7
 2 14 8
 5 12 7
 4 17 3
 7 15 4
 6 20 9
 9 17 3
 3 1 4
 3 3 7
 6 1 0
 6 5 7
 9 4 2
 9 7 9
 12 5 10
 14 7 -5
 13 9 -3
 14 10 -7


# name: y
# type: matrix
# rows: 20
# columns: 1
 1
 1
 1
 1
 1
 1
 1
 1
 1
 1
 -1
 -1
 -1
 -1
 -1
 -1
 -1
 -1
 -1
 -1


