# Created by Octave 6.4.0, Mon Dec 20 17:31:59 2021 GMT <unknown@LAPTOP-AKB7TAJ0>
# name: X
# type: matrix
# rows: 400
# columns: 3
 26.425832957029343 27.443372905254364 55.214796662330627
 49.226595163345337 20.024326238781214 42.692117094993591
 33.526315987110138 46.805564761161804 62.793801426887512
 28.856919407844543 41.739585697650909 32.764813005924225
 31.810650676488876 22.034667134284973 45.620529055595398
 59.766505360603333 39.051653146743774 67.404581308364868
 63.062803149223328 29.036248922348022 22.470610849559307
 49.130038619041443 54.990975260734558 26.830697506666183
 64.328123331069946 24.000293463468552 66.417111158370972
 42.519968450069427 34.76665586233139 22.903640270233154
 32.711295485496521 34.983005821704865 54.112414717674255
 48.153365850448608 69.729147553443909 38.549296259880066
 43.005081713199615 40.010849833488464 57.319648265838623
 46.208534836769104 69.63144063949585 67.290909290313721
 64.897037744522095 31.381377279758453 20.599699467420578
 45.166955590248108 41.355476975440979 69.505764245986938
 97.490272521972656 89.180068969726562 28.749746084213257
 35.546561777591705 30.179366171360016 62.248111963272095
 50.713039636611938 35.013733506202698 55.235151648521423
 42.039793431758881 54.643048048019409 41.358697116374969
 57.278038263320923 57.730750441551208 28.410461246967316
 55.179877281188965 47.097657322883606 47.708357572555542
 22.915375307202339 62.13528037071228 52.006296515464783
 33.07452917098999 63.446722626686096 64.120234251022339
 53.597651124000549 57.195006012916565 42.947752475738525
 28.585753291845322 27.236672937870026 25.243155360221863
 63.88582706451416 27.455002516508102 51.604242324829102
 61.499599814414978 38.062348663806915 33.700887560844421
 28.513537794351578 50.916666984558105 49.788306355476379
 23.444301187992096 29.383465051651001 37.199923992156982
 63.20300817489624 45.3592848777771 62.039579153060913
 59.037719368934631 26.370480358600616 36.192197799682617
 20.064439955167472 58.805204629898071 69.873381853103638
 43.99967759847641 20.29618653934449 33.561224937438965
 69.740222096443176 55.384845733642578 48.852766752243042
 66.104386448860168 55.379016399383545 51.842619180679321
 51.50867223739624 34.327467978000641 34.084094762802124
 27.209205627441406 49.647326469421387 44.672189354896545
 46.543247699737549 29.752148389816284 45.619938969612122
 30.517691820859909 29.122105687856674 68.86644184589386
 41.172101497650146 41.88002347946167 67.247185707092285
 54.235823154449463 31.001412570476532 66.539834141731262
 64.434928894042969 69.15165901184082 38.760506808757782
 35.297053754329681 40.084360241889954 69.735108017921448
 58.265320658683777 56.645534634590149 66.541261672973633
 56.396887302398682 26.690056324005127 52.184410095214844
 39.792820513248444 64.69648003578186 40.255269110202789
 48.611871600151062 63.444186449050903 45.104868412017822
 65.001870393753052 67.840812802314758 55.155534744262695
 57.458878755569458 52.717877626419067 69.271076917648315
 93.750767707824707 99.013891220092773 84.091734886169434
 48.087300062179565 25.450442433357239 23.175793588161469
 58.561499118804932 51.55607283115387 24.433546587824821
 36.109940409660339 55.369640588760376 60.161913633346558
 40.219032764434814 74.676551818847656 38.135113716125488
 47.36402153968811 69.483686685562134 30.775649547576904
 56.275064945220947 21.865254901349545 46.359456777572632
 68.681941628456116 20.490992609411478 25.490659549832344
 65.627766847610474 50.126327276229858 42.325743734836578
 52.053422927856445 60.489202737808228 23.887497261166573
 66.621266007423401 25.706308037042618 51.567767262458801
 46.73758864402771 63.410992622375488 35.956485271453857
 45.921615958213806 61.628029942512512 49.589939117431641
 64.569799304008484 55.189914703369141 23.713382408022881
 45.340583920478821 66.040743589401245 63.764767050743103
 62.612266540527344 50.95238208770752 47.016425132751465
 68.938661813735962 36.594378650188446 36.020189225673676
 28.746398985385895 51.970846652984619 42.311553359031677
 69.04111921787262 53.267322182655334 54.818226099014282
 39.797879457473755 71.606554985046387 59.931304454803467
 31.020653694868088 64.864445924758911 54.290817379951477
 37.686386406421661 57.057620286941528 45.135090947151184
 51.818026304244995 43.895250260829926 40.51476389169693
 39.534213840961456 53.615958690643311 69.937382340431213
 20.907772965729237 32.899221479892731 67.96714186668396
 23.309051692485809 61.07668399810791 56.368873715400696
 68.391008377075195 55.352373123168945 47.152153849601746
 49.223021864891052 33.058494031429291 42.869877517223358
 23.230229020118713 51.249704957008362 61.129910945892334
 22.409605868160725 61.292935609817505 39.459156692028046
 93.127908706665039 94.906353950500488 40.021109580993652
 44.503612518310547 90.579981803894043 29.232208132743835
 67.653493285179138 36.918499767780304 22.14814580976963
 46.399758458137512 20.759831909090281 45.427126884460449
 43.880974948406219 39.58930492401123 68.386508226394653
 59.100715517997742 22.203399315476418 51.531855463981628
 45.947771072387695 79.315509796142578 96.35899543762207
 38.324974179267883 25.942919850349426 52.292002439498901
 57.514850497245789 26.197898089885712 38.898732960224152
 20.185066205449402 43.996487259864807 44.45768266916275
 66.607756614685059 22.47500091791153 42.249184548854828
 28.034312129020691 32.283139228820801 33.401333093643188
 98.738055229187012 42.124497890472412 53.98277759552002
 63.500027656555176 76.181674003601074 91.289787292480469
 52.545807957649231 43.183652758598328 37.559634149074554
 64.086349010467529 48.652778267860413 67.84267246723175
 65.996767282485962 33.28272670507431 37.545349895954132
 31.577926576137543 64.381183385848999 36.942745447158813
 66.564888954162598 48.851574659347534 45.151315331459045
 39.593288004398346 65.031312108039856 58.757213950157166
 86.042790412902832 77.86522388458252 37.851030826568604
 52.512471079826355 44.757465720176697 58.018405437469482
 64.891265034675598 56.779242753982544 64.814702868461609
 48.959569334983826 46.436829566955566 42.523693740367889
 48.529325127601624 37.326384782791138 32.186050415039062
 27.581204175949097 56.834257841110229 45.453558564186096
 55.917451977729797 48.807470202445984 50.237838625907898
 53.2010418176651 34.034736156463623 49.410296678543091
 52.034897804260254 98.29927921295166 84.177780151367188
 64.88920271396637 53.585467934608459 67.799497842788696
 49.541954398155212 49.500782489776611 30.366053879261017
 49.178124666213989 42.945542633533478 49.794475436210632
 60.797588229179382 32.536248564720154 32.077819555997849
 52.703778147697449 30.39678230881691 65.632946491241455
 26.397958099842072 65.844915509223938 25.388776212930679
 65.891016721725464 38.134672939777374 27.316679507493973
 52.635276317596436 66.561636924743652 85.181450843811035
 65.446982979774475 52.088333368301392 51.691306829452515
 39.244372844696045 64.074597954750061 64.219106435775757
 47.751648426055908 23.736372292041779 62.901009321212769
 33.602622747421265 92.629585266113281 70.183506011962891
 35.664418041706085 46.839926838874817 22.869987674057484
 46.429358124732971 56.378797888755798 38.891231715679169
 65.414203405380249 20.421654619276524 51.520849466323853
 53.39327871799469 65.512589812278748 55.524290800094604
 63.571338057518005 64.142359495162964 26.268712133169174
 45.995749235153198 51.318122148513794 39.181041419506073
 93.79664421081543 67.299208641052246 57.019169330596924
 22.575006894767284 39.942778348922729 48.087958693504333
 62.455056309700012 37.44643896818161 48.898134827613831
 69.515324831008911 64.038471579551697 48.874436020851135
 63.816414475440979 32.797200679779053 56.525049805641174
 31.313358694314957 63.567606806755066 40.381452143192291
 31.243302375078201 50.000269412994385 48.668743371963501
 23.67860235273838 37.556740343570709 66.084663271903992
 53.584120273590088 96.783075332641602 51.157469749450684
