# Created by Octave 6.4.0, Mon Dec 20 17:50:53 2021 GMT <unknown@LAPTOP-AKB7TAJ0>
# name: X
# type: matrix
# rows: 400
# columns: 3
 29.697259217500687 24.711849987506866 30.331885516643524
 20.12511070817709 69.032455682754517 57.15437650680542
 96.888256072998047 27.744341492652893 23.84183943271637
 41.490392088890076 22.554153650999069 36.922885179519653
 63.00321638584137 28.325305581092834 45.891244411468506
 47.688571810722351 67.579947113990784 33.366490602493286
 37.6712766289711 52.386744022369385 44.418699741363525
 63.48055362701416 44.477417469024658 80.900731086730957
 51.718853116035461 30.721025615930557 37.579081654548645
 96.072216033935547 92.794389724731445 81.979002952575684
 26.671472638845444 30.540146380662918 43.518916964530945
 25.629908293485641 30.895499587059021 67.847050428390503
 68.410329222679138 21.067208964377642 41.748197078704834
 36.463939845561981 65.055615901947021 33.767419755458832
 37.81441867351532 31.853142827749252 32.772123515605927
 49.155099391937256 38.441382050514221 39.816988706588745
 78.635764122009277 94.889125823974609 49.625582695007324
 29.601123929023743 96.379733085632324 54.959206581115723
 26.018229126930237 29.986911416053772 84.76630687713623
 36.050218045711517 54.718436002731323 26.399824470281601
 96.052365303039551 61.366100311279297 36.732956171035767
 25.681182444095612 25.929950997233391 20.363234686665237
 62.063048481941223 55.875511169433594 24.151017218828201
 83.449883460998535 35.248160362243652 27.616422176361084
 51.83002769947052 57.037757039070129 37.182786762714386
 50.512291193008423 28.361206203699112 37.25105494260788
 48.522700071334839 36.979329288005829 27.125864177942276
 55.261520743370056 52.022690773010254 59.51752781867981
 38.590441346168518 25.294698104262352 30.63738539814949
 69.575245380401611 38.871176242828369 59.844971895217896
 30.808856040239334 40.670947432518005 30.910721123218536
 26.079377606511116 48.547561168670654 40.531637966632843
 52.766506671905518 20.870798975229263 67.271323204040527
 46.262307167053223 49.361215233802795 60.73968231678009
 40.597507059574127 69.545499682426453 44.703307449817657
 40.76009064912796 30.804736614227295 52.065844535827637
 41.345150470733643 57.729349732398987 67.649931907653809
 40.569190979003906 60.445389747619629 22.776560485363007
 27.540377229452133 60.346026420593262 67.871997952461243
 65.674017071723938 55.3730708360672 49.824724793434143
 31.856921017169952 56.853781342506409 33.846403360366821
 40.560295879840851 53.839088678359985 56.085253953933716
 29.809809923171997 29.946224093437195 20.831856951117516
 69.92421567440033 42.515061497688293 67.034299373626709
 56.727222800254822 66.723133325576782 65.231691002845764
 28.223394304513931 36.969926655292511 61.947457194328308
 35.054558217525482 57.06367015838623 51.51167631149292
 39.227759540081024 69.173069000244141 40.840021967887878
 80.097174644470215 30.784668922424316 74.444422721862793
 52.026466727256775 39.733437895774841 39.392634928226471
 33.773505389690399 55.292160511016846 38.985496461391449
 24.496348202228546 77.144780158996582 94.360957145690918
 98.911852836608887 35.755127668380737 39.790946245193481
 69.087643623352051 66.171960234642029 34.320725202560425
 37.805001139640808 59.071998000144958 64.312092661857605
 96.427140235900879 80.011086463928223 93.967123031616211
 61.33930504322052 38.24093759059906 66.824061870574951
 42.767694294452667 29.855829924345016 21.307135447859764
 38.792128562927246 53.723440170288086 94.526400566101074
 29.49338972568512 28.339715003967285 35.596163272857666
 53.784928917884827 48.566589951515198 50.678358674049377
 60.459546446800232 44.162627756595612 44.210961163043976
 69.795684218406677 57.059882283210754 40.746706426143646
 48.142079710960388 68.114234209060669 24.920884221792221
 35.189957618713379 89.558181762695312 88.513598442077637
 69.783653020858765 56.065581440925598 59.250168204307556
 37.049156129360199 52.968270778656006 51.531083583831787
 31.013483256101608 38.444803357124329 61.576689481735229
 21.240223087370396 51.497079133987427 41.668115258216858
 47.946457862854004 30.40643572807312 22.567749917507172
 61.179326176643372 28.398574590682983 64.8670893907547
 54.340772032737732 37.694713175296783 64.851335883140564
 52.023870944976807 28.625511825084686 34.136731624603271
 65.752042531967163 47.375909686088562 35.027754008769989
 26.756451725959778 62.770105600357056 25.253731459379196
 67.777494788169861 67.087398171424866 62.220747470855713
 28.308204263448715 43.371350765228271 21.412503980100155
 44.865264892578125 20.454647541046143 50.645396709442139
 49.664143919944763 37.054055631160736 35.257938206195831
 84.162678718566895 73.386421203613281 24.448210597038269
 34.439705014228821 34.707782864570618 48.274208307266235
 49.017069339752197 96.346917152404785 99.369626045227051
 51.862300634384155 36.866499185562134 26.475305557250977
 21.134748850017786 54.737679362297058 26.219672039151192
 60.1357501745224 66.322920918464661 28.602064102888107
 48.523123264312744 66.593677997589111 42.714501619338989
 26.880156695842743 21.9927142187953 46.555913686752319
 51.179338693618774 36.878026723861694 53.951681852340698
 27.341265678405762 47.603232860565186 24.525333642959595
 46.569044589996338 69.778163433074951 62.042851448059082
 33.451814651489258 30.601381212472916 67.832515835762024
 57.956428527832031 40.749002695083618 55.503828525543213
 66.165847778320312 67.944340109825134 48.199830651283264
 48.094059228897095 54.548577666282654 25.467501655220985
 31.397242546081543 26.214234977960587 29.009715169668198
 36.579890251159668 29.157027304172516 54.513434767723083
 23.23379747569561 62.045152187347412 44.155254662036896
 20.770796090364456 65.124194025993347 57.211093306541443
 30.17911434173584 24.812056124210358 42.874865531921387
 66.709012985229492 39.365324079990387 51.48549497127533
 64.069433212280273 42.584696114063263 34.614976942539215
 34.671005308628082 40.93556672334671 54.20369029045105
 59.7938072681427 36.036809980869293 36.394682228565216
 23.400097787380219 45.338456034660339 24.856668412685394
 32.509992718696594 42.410590946674347 25.522271618247032
 69.065253138542175 43.373569548130035 32.937214970588684
 67.646670341491699 71.002335548400879 21.320964246988297
 47.489995956420898 50.392542481422424 60.596592426300049
 48.071781992912292 55.139772295951843 69.946856498718262
 32.125074863433838 62.754468321800232 22.115648612380028
 61.482660174369812 54.374210238456726 62.975625395774841
 40.391274988651276 52.507538795471191 48.450578451156616
 81.411175727844238 93.170714378356934 91.402559280395508
 38.249610066413879 43.067677021026611 65.662623643875122
 57.262508273124695 69.965596199035645 33.02582174539566
 56.160701513290405 66.74115777015686 44.013307690620422
 20.79223245382309 37.29804515838623 85.48497200012207
 54.540265798568726 24.761163890361786 62.168819904327393
 94.723672866821289 31.993409395217896 69.94318962097168
 22.333755642175674 46.892473697662354 88.453254699707031
 27.544724643230438 24.624027013778687 55.799849033355713
 27.591197639703751 21.50699932128191 31.764964461326599
 30.928461700677872 58.877889513969421 43.316310346126556
 52.850515842437744 63.510597944259644 66.851778030395508
 61.783377528190613 40.828084647655487 51.74649178981781
 23.370542824268341 52.172051072120667 50.077245831489563
 45.168660283088684 55.546138882637024 56.094516515731812
 37.363272607326508 52.415685057640076 65.254784822463989
 51.480081081390381 89.009461402893066 27.716357707977295
 55.157772898674011 62.103603482246399 20.212583411484957
 28.371277898550034 63.355834484100342 26.323499977588654
 72.382512092590332 63.354644775390625 72.581272125244141
 40.273943245410919 21.353070698678493 49.593181610107422
 55.412031412124634 56.085373163223267 42.436098754405975
 47.532699704170227 52.63104259967804 47.243530750274658
 52.277193665504456 65.345532894134521 25.243071541190147
