# Created by Octave 7.3.0, Sun Nov 19 16:20:33 2023 CET <salvatore@debian.msi-ge73>
# name: best_Cs
# type: matrix
# rows: 10
# columns: 1
 0.10000000000000001
 1
 1
 1
 10
 10
 1
 10
 1
 0.01


