# Created by Octave 7.3.0, Sun Nov 19 11:02:56 2023 CET <salvatore@debian.msi-ge73>
# name: best_Cs
# type: matrix
# rows: 10
# columns: 1
 1
 0.01
 100
 10
 0.01
 1
 0.10000000000000001
 10
 10
 1


