# Created by Octave 7.3.0, Wed Nov 22 10:30:02 2023 CET <salvatore@debian.msi-ge73>
# name: best_Cs
# type: matrix
# rows: 10
# columns: 1
 0.01
 100
 0.10000000000000001
 1
 0.01
 0.01
 0.01
 100
 0.01
 0.10000000000000001


