# Created by Octave 7.3.0, Wed Nov 22 10:30:02 2023 CET <salvatore@debian.msi-ge73>
# name: train_recall_history
# type: matrix
# rows: 10
# columns: 1
 0.8729281767955801
 0.89502762430939231
 0.88524590163934425
 0.87005649717514122
 0.89560439560439564
 0.87222222222222223
 0.87222222222222223
 0.86781609195402298
 0.89444444444444449
 0.86813186813186816


