# Created by Octave 7.3.0, Sun Nov 19 21:36:16 2023 CET <salvatore@debian.msi-ge73>
# name: train_recall_history
# type: matrix
# rows: 10
# columns: 1
 0.86740331491712708
 0.86740331491712708
 0.8797814207650273
 0.83615819209039544
 0.88461538461538458
 0.87222222222222223
 0.83888888888888891
 0.14942528735632185
 0.8833333333333333
 0.78021978021978022


