# Created by Octave 7.3.0, Sun Nov 19 21:36:16 2023 CET <salvatore@debian.msi-ge73>
# name: train_accuracy_history
# type: matrix
# rows: 10
# columns: 1
 0.75
 0.76944444444444449
 0.78333333333333333
 0.74722222222222223
 0.7944444444444444
 0.76666666666666672
 0.73333333333333328
 0.40277777777777779
 0.78333333333333333
 0.66666666666666663


