# Created by Octave 7.3.0, Sun Nov 19 21:36:16 2023 CET <salvatore@debian.msi-ge73>
# name: train_precision_history
# type: matrix
# rows: 10
# columns: 1
 0.70403587443946192
 0.72685185185185186
 0.74193548387096775
 0.70476190476190481
 0.75233644859813087
 0.72018348623853212
 0.69266055045871555
 0.27956989247311825
 0.73611111111111116
 0.63963963963963966


