# Created by Octave 7.3.0, Wed Nov 22 10:30:02 2023 CET <salvatore@debian.msi-ge73>
# name: train_f_score_history
# type: matrix
# rows: 10
# columns: 1
 0.80407124681933839
 0.82864450127877243
 0.82233502538071057
 0.80208333333333326
 0.82741116751269028
 0.80719794344473006
 0.80927835051546393
 0.79894179894179895
 0.82142857142857151
 0.8040712468193385


