# Created by Octave 7.3.0, Wed Nov 22 10:30:02 2023 CET <salvatore@debian.msi-ge73>
# name: train_specificity_history
# type: matrix
# rows: 10
# columns: 1
 0.6983240223463687
 0.73184357541899436
 0.7231638418079096
 0.7103825136612022
 0.7247191011235955
 0.71111111111111114
 0.71666666666666667
 0.71505376344086025
 0.71666666666666667
 0.702247191011236


