# Created by Octave 7.3.0, Sun Nov 19 16:20:33 2023 CET <salvatore@debian.msi-ge73>
# name: train_specificity_history
# type: matrix
# rows: 10
# columns: 1
 0.35195530726256985
 0.32960893854748602
 0.58192090395480223
 0.50819672131147542
 0.6179775280898876
 0.48888888888888887
 0.33888888888888891
 0.58064516129032262
 0.53888888888888886
 0.4887640449438202


