# Created by Octave 7.3.0, Sun Nov 19 16:20:33 2023 CET <salvatore@debian.msi-ge73>
# name: train_recall_history
# type: matrix
# rows: 10
# columns: 1
 0.5524861878453039
 0.56906077348066297
 0.50273224043715847
 0.66666666666666663
 0.53846153846153844
 0.40555555555555556
 0.43333333333333335
 0.78735632183908044
 0.76111111111111107
 0.47252747252747251


