# Created by Octave 7.3.0, Sun Nov 19 21:36:16 2023 CET <salvatore@debian.msi-ge73>
# name: train_specificity_history
# type: matrix
# rows: 10
# columns: 1
 0.63128491620111726
 0.67039106145251393
 0.68361581920903958
 0.66120218579234968
 0.702247191011236
 0.66111111111111109
 0.62777777777777777
 0.63978494623655913
 0.68333333333333335
 0.550561797752809


