# Created by Octave 7.3.0, Sun Nov 19 02:45:36 2023 CET <salvatore@debian.msi-ge73>
# name: train_precision_history
# type: matrix
# rows: 10
# columns: 1
 0.52073732718894006
 0.69819819819819817
 0.69565217391304346
 0.69396551724137934
 0.68584070796460173
 0.56194690265486724
 0.67965367965367962
 0.57926829268292679
 0.67982456140350878
 0.44805194805194803


