# Created by Octave 7.3.0, Sun Nov 19 16:20:33 2023 CET <salvatore@debian.msi-ge73>
# name: train_f_score_history
# type: matrix
# rows: 10
# columns: 1
 0.50377833753148626
 0.50990099009900991
 0.52722063037249289
 0.61298701298701297
 0.56321839080459768
 0.42318840579710143
 0.4137931034482758
 0.70437017994858608
 0.68500000000000005
 0.47910863509749302


