# Created by Octave 7.3.0, Sun Nov 19 21:36:16 2023 CET <salvatore@debian.msi-ge73>
# name: train_f_score_history
# type: matrix
# rows: 10
# columns: 1
 0.77722772277227725
 0.79093198992443325
 0.80499999999999994
 0.76485788113695097
 0.81313131313131326
 0.78894472361809043
 0.75879396984924619
 0.19475655430711608
 0.80303030303030298
 0.70297029702970304


