# Created by Octave 7.3.0, Sun Nov 19 16:20:33 2023 CET <salvatore@debian.msi-ge73>
# name: train_precision_history
# type: matrix
# rows: 10
# columns: 1
 0.46296296296296297
 0.46188340807174888
 0.55421686746987953
 0.56730769230769229
 0.59036144578313254
 0.44242424242424244
 0.39593908629441626
 0.63720930232558137
 0.62272727272727268
 0.48587570621468928


