# Created by Octave 7.3.0, Sun Nov 19 11:02:56 2023 CET <salvatore@debian.msi-ge73>
# name: train_accuracy_history
# type: matrix
# rows: 10
# columns: 1
 0.69999999999999996
 0.71666666666666667
 0.3611111111111111
 0.68611111111111112
 0.76111111111111107
 0.40555555555555556
 0.60277777777777775
 0.66666666666666663
 0.55833333333333335
 0.69444444444444442


