# Created by Octave 7.3.0, Sun Nov 19 11:02:56 2023 CET <salvatore@debian.msi-ge73>
# name: train_recall_history
# type: matrix
# rows: 10
# columns: 1
 0.85635359116022103
 0.86187845303867405
 0.22950819672131148
 0.80225988700564976
 0.88461538461538458
 0.32222222222222224
 0.66666666666666663
 0.72988505747126442
 0.7055555555555556
 0.78021978021978022


