# Created by Octave 7.3.0, Sun Nov 19 16:20:33 2023 CET <salvatore@debian.msi-ge73>
# name: train_accuracy_history
# type: matrix
# rows: 10
# columns: 1
 0.45277777777777778
 0.45000000000000001
 0.54166666666666663
 0.58611111111111114
 0.57777777777777772
 0.44722222222222224
 0.38611111111111113
 0.68055555555555558
 0.65000000000000002
 0.48055555555555557


