# Created by Octave 7.3.0, Sun Nov 19 11:02:56 2023 CET <salvatore@debian.msi-ge73>
# name: train_specificity_history
# type: matrix
# rows: 10
# columns: 1
 0.54189944134078216
 0.56983240223463683
 0.49717514124293788
 0.57377049180327866
 0.6348314606741573
 0.48888888888888887
 0.53888888888888886
 0.60752688172043012
 0.41111111111111109
 0.6067415730337079


