# Created by Octave 7.3.0, Sun Nov 19 11:02:56 2023 CET <salvatore@debian.msi-ge73>
# name: train_precision_history
# type: matrix
# rows: 10
# columns: 1
 0.65400843881856541
 0.66952789699570814
 0.32061068702290074
 0.6454545454545455
 0.71238938053097345
 0.38666666666666666
 0.59113300492610843
 0.63500000000000001
 0.54506437768240346
 0.66981132075471694


