# Created by Octave 7.3.0, Wed Nov 22 10:30:02 2023 CET <salvatore@debian.msi-ge73>
# name: train_accuracy_history
# type: matrix
# rows: 10
# columns: 1
 0.78611111111111109
 0.81388888888888888
 0.80555555555555558
 0.78888888888888886
 0.81111111111111112
 0.79166666666666663
 0.7944444444444444
 0.78888888888888886
 0.80555555555555558
 0.78611111111111109


