# Created by Octave 7.3.0, Sun Nov 19 11:02:56 2023 CET <salvatore@debian.msi-ge73>
# name: train_f_score_history
# type: matrix
# rows: 10
# columns: 1
 0.7416267942583733
 0.75362318840579712
 0.26751592356687892
 0.71536523929471041
 0.78921568627450978
 0.35151515151515156
 0.62663185378590081
 0.67914438502673802
 0.61501210653753036
 0.72081218274111669


