# Created by Octave 7.3.0, Sun Nov 19 02:45:36 2023 CET <salvatore@debian.msi-ge73>
# name: train_accuracy_history
# type: matrix
# rows: 10
# columns: 1
 0.52222222222222225
 0.7416666666666667
 0.69166666666666665
 0.7583333333333333
 0.72777777777777775
 0.57777777777777772
 0.73055555555555551
 0.58888888888888891
 0.72777777777777775
 0.45000000000000001


