# Created by Octave 7.3.0, Wed Nov 22 10:30:02 2023 CET <salvatore@debian.msi-ge73>
# name: train_precision_history
# type: matrix
# rows: 10
# columns: 1
 0.74528301886792447
 0.77142857142857146
 0.76777251184834128
 0.7439613526570048
 0.76886792452830188
 0.75119617224880386
 0.75480769230769229
 0.74019607843137258
 0.75943396226415094
 0.74881516587677721


