# Created by Octave 6.4.0, Mon Dec 20 17:58:50 2021 GMT <unknown@LAPTOP-AKB7TAJ0>
# name: X
# type: matrix
# rows: 400
# columns: 3
 13.709311038255692 2.940724179148674 35.739989042282104
 70.021785080432892 29.948473572731018 86.926668643951416
 18.588993400335312 5.5766479000449181 39.299130082130432
 34.441384553909302 33.701341331005096 21.659336745738983
 15.091278359293938 42.7352414727211 68.317935407161713
 16.298422574996948 26.586076259613037 29.74183189868927
 15.524330660700798 60.363930404186249 76.336661040782928
 15.648322999477386 42.164870321750641 30.44183623790741
 19.727394163608551 18.09292334318161 38.966225266456604
 30.176275253295898 25.419942677021027 48.495596408843994
 1.619015883654356 6.9753419309854507 13.666909366846085
 33.44431734085083 22.62061020731926 27.601917266845703
 28.136744379997253 54.884633898735046 20.938700005412102
 56.67759245634079 86.445772171020508 21.339178085327148
 40.917157769203186 13.07841020822525 25.445655882358551
 33.480375409126282 16.216741383075714 40.325643062591553
 20.965189725160599 7.1726405471563339 47.168869197368622
 38.853118121623993 31.423362791538239 22.757275134325027
 15.00357985496521 48.710066854953766 40.630582869052887
 10.859429076313972 35.097947478294373 41.612132787704468
 31.917226314544678 23.592532277107239 45.529734134674072
 26.658840775489807 35.067000508308411 23.557744681835175
 31.586511969566345 30.023424208164215 26.769818782806396
 98.15990537405014 71.677348017692566 6.1938770785927773
 30.461159110069275 37.142894983291626 12.18946535885334
 3.3900510519742966 10.296024680137634 29.673775434494019
 50.671490788459778 73.510733366012573 8.9385063946247101
 29.442969918251038 46.063376605510712 16.027490556240082
 29.093998730182648 30.079278290271759 41.656730771064758
 48.994121253490448 10.606878757476807 1.4128036946058273
 28.846405446529388 16.66295924782753 30.186219990253448
 23.658608555793762 1.7101577185094357 25.37365511059761
 18.663375943899155 48.721641302108765 11.505209043622017
 28.954433619976044 9.2577189356088638 18.559779822826385
 87.622149884700775 67.151907801628113 47.751025438308716
 45.507473111152649 36.505847692489624 32.643291413784027
 11.957991749048233 11.908614158630371 31.591462433338165
 9.8655409663915634 19.30744880437851 47.213683307170868
 38.766755163669586 21.521112203598022 20.721584558486938
 31.213731825351715 12.39156037569046 11.567349776625633
 43.165579557418823 41.424564242362976 18.933128029108047
 7.747068852186203 7.5432338714599609 26.118051528930664
 50.790387213230133 90.013420224189758 68.799669802188873
 34.860351502895355 25.446846038103104 44.446820914745331
 35.485342442989349 7.6647181063890457 44.043677926063538
 25.720739111304283 33.637278079986572 32.522198498249054
 11.10997000336647 29.842243075370789 42.912720382213593
 10.646770149469376 5.8039154410362244 17.243669092655182
 28.681541860103607 37.370981395244598 44.942235291004181
 27.06217360496521 7.6140182018280029 39.723903238773346
 58.582260191440582 54.996407985687256 51.34919273853302
 41.01347678899765 60.363387525081635 55.729961574077606
 41.987719655036926 27.152149379253387 17.28415921330452
 32.424045741558075 7.834792822599411 38.7099489569664
 46.751642942428589 7.813872367143631 15.461944609880447
 26.131150543689728 21.996426820755005 6.7781678065657616
 56.732110500335693 52.331603288650513 43.602036476135254
 97.94666600227356 8.5777411013841629 76.107849299907684
 40.639762401580811 28.265641570091248 1.351681690197438
 37.194689393043518 26.666416883468628 27.758734524250031
 21.529619991779327 2.3983428254723549 30.193174004554749
 5.0978759899735451 5.8159779980778694 32.816128313541412
 24.196357429027557 32.841899931430817 12.665406450629234
 12.480067804455757 11.817779719829559 7.0058179497718811
 22.195121496915817 28.996911227703094 15.777560770511627
 7.8159401714801788 41.355205178260803 2.4542382527142763
 54.920269191265106 17.818434491753578 10.027486473321915
 14.014959096908569 5.8203830346465111 11.624986171722412
 4.3705396875739098 30.132302284240723 9.3476421386003494
 37.157667517662048 29.798930168151855 14.734778434038162
 2.4693683125078678 76.186560869216919 46.624645709991455
 1.9752541407942772 48.365175783634186 15.276237964630127
 32.585121273994446 43.488656461238861 8.6035253703594208
 22.530472338199615 21.713137626647949 30.515757322311401
 13.353032439947128 23.188168466091156 13.289516091346741
 42.401017665863037 4.0361530184745789 48.111162960529327
 18.860895067453384 12.16251964867115 26.159390091896057
 30.738040447235107 49.321996748447418 27.428335607051849
 6.9760969132184982 3.8012385442852974 39.598249077796936
 1.1214946624822915 42.635698854923248 5.8578258454799652
 11.752320423722267 27.17179936170578 17.329442083835602
 81.321447789669037 97.262001037597656 73.663713157176971
 16.749682903289795 17.478208631277084 11.586415633559227
 84.813924789428711 18.461544126272202 5.6815939322113991
 79.623563885688782 59.861643314361572 64.267455399036407
 18.586618930101395 41.164283752441406 14.619203358888626
 33.819118559360504 31.804986596107483 31.086491763591766
 44.153026223182678 28.256870925426483 35.899131119251251
 27.624321401119232 49.028388977050781 40.34889417886734
 3.8939618989825249 26.048648655414581 10.435456171631813
 91.416231632232666 95.26839554309845 18.98338371515274
 7.2534915506839752 49.470776438713074 22.903813242912292
 87.378226041793823 95.356365561485291 22.284545987844467
 2.1242711320519447 23.494670808315277 42.009744107723236
 40.443700671195984 39.459922313690186 1.4506004489958286
 39.291965782642365 39.868044972419739 21.760510206222534
 11.261413305997849 21.391430497169495 31.149854779243469
 40.164389371871948 45.949860572814941 8.3298523426055908
 19.565207332372665 48.053509771823883 44.575051069259644
 24.348241746425629 43.825343489646912 24.729499012231827
 37.380452990531921 22.666897773742676 14.448359787464142
 46.892939984798431 17.771394371986389 30.781195640563965
 35.002428352832794 45.388486742973328 38.215162515640259
 28.283813714981079 24.755285233259201 37.44584584236145
 46.560850024223328 27.944901168346405 48.881320774555206
 40.738318979740143 10.714627280831337 1.4124531280249357
 58.022852778434753 19.073632940649986 64.651902318000793
 22.343371093273163 46.815344750881195 2.7472362518310547
 84.182633101940155 24.707691296935081 21.749026730656624
 29.773722231388092 2.8849984221160412 7.3031582832336426
 4.3549022823572159 39.462691068649292 26.073494434356689
 12.372338265180588 42.228145718574524 27.564544916152954
 32.168841302394867 6.9811083450913429 40.462284624576569
 4.7195276692509651 36.023803949356079 45.778454780578613
 18.764515817165375 5.0045506209135056 21.249610662460327
 26.901781499385834 25.840688288211823 40.895740807056427
 30.419347405433655 1.9318902138620615 5.1969367414712906
 24.160879105329514 27.885308682918549 3.5934099704027176
 37.225814521312714 49.394393265247345 46.38407027721405
 21.002151727676392 24.445478200912476 37.111296713352203
 41.781599283218384 41.36576908826828 36.892062723636627
 49.527614772319794 26.650590002536774 21.246745526790619
 45.519006669521332 41.549444437026978 28.186559736728668
 20.881091713905334 36.867552816867828 12.939059033989906
 1.1700056479312479 46.220702052116394 28.409316003322601
 51.5368931889534 7.7109365090727806 56.925157129764557
 24.854741364717484 39.978675425052643 3.9478379860520363
 12.240546405315399 29.357436418533325 38.697653114795685
 30.347196221351624 42.487456560134888 11.1294075101614
 75.16741156578064 74.56709349155426 78.536784827709198
 17.882684886455536 42.819736361503601 34.097112655639648
 27.079755783081055 8.1927186548709869 2.1727603953331709
 29.649837970733643 9.9557628035545349 39.028817236423492
 10.389142319560051 42.327067375183105 16.879385054111481
 2.3590658605098724 47.751239418983459 9.2343458831310272
 4.3094219043850899 48.982719123363495 22.357528835535049
