# Created by Octave 7.3.0, Thu Nov 23 08:58:35 2023 GMT <unknown@Lovaion>
# name: a
# type: scalar
5


