# Created by Octave 7.3.0, Thu Nov 23 08:57:42 2023 GMT <unknown@Lovaion>
# name: a
# type: scalar
5


# name: b
# type: scalar
7


