# Created by Octave 7.3.0, Mon Dec 18 13:02:00 2023 GMT <unknown@LAPTOP-V5VVR89L>
# name: X
# type: matrix
# rows: 400
# columns: 2
 86.641297161579132 52.092919409275055
 98.59489905834198 15.013232111930847
 24.817975044250488 41.768240332603455
 27.161188721656799 47.021377503871918
 32.971926271915436 45.297482907772064
 43.518832385540009 15.08954706788063
 1.518522746860981 41.78753399848938
 47.730847597122192 30.608335375785828
 67.735555946826935 77.136681914329529
 3.6421724036335945 30.533584833145142
 39.726806342601776 37.332586824893951
 12.859473392367363 29.581796109676361
 40.79353928565979 28.107396125793457
 29.129557371139526 33.902803301811218
 77.694083034992218 13.85725662112236
 1.8419697489589453 8.0062796622514725
 16.810932844877243 37.995846748352051
 30.287988394498825 87.870310544967651
 7.1792360544204712 34.89269745349884
 68.507164180278778 45.360899865627289
 39.157800912857056 18.228606939315796
 23.171269714832306 12.176991358399391
 19.385096609592438 30.761513531208038
 80.340524256229401 26.525570660829544
 31.605884492397308 42.824838697910309
 34.543069124221802 37.964394509792328
 93.820885121822357 84.671802580356598
 30.242185056209564 18.021652728319168
 9.8231987059116364 34.869439572095871
 83.545847713947296 67.522346079349518
 17.200874596834183 27.953566670417786
 46.275952100753784 99.188295423984528
 13.338702380657196 35.092173397541046
 35.329389691352844 29.89843887090683
 45.266097843647003 17.579685837030411
 4.724920243024826 34.64281439781189
 20.072267711162567 4.3434271365404129
 37.348620921373367 87.443908512592316
 37.147189170122147 35.478647291660309
 44.516679406166077 49.603662073612213
 31.33688098192215 32.773421704769135
 85.448373436927795 26.945738434791565
 7.7497215121984482 14.989658683538437
 61.768016397953033 65.890020728111267
 49.526753187179565 48.308352053165436
 4.59222262352705 18.549198389053345
 46.75991415977478 32.836803436279297
 33.207028031349182 46.44503253698349
 35.702365517616272 6.9460323378443718
 48.506350159645081 38.405350863933563
 23.376981198787689 5.0281554982066154
 34.790276885032654 14.607006818056107
 15.959057331085205 38.666247606277466
 8.9637373238801956 1.5203218534588814
 17.872024595737457 15.31840306520462
 24.061656311154366 41.005994498729706
 36.243972539901733 32.062781631946564
 50.319513350725174 18.368030250072479
 45.593801021575928 40.332036316394806
 41.006800591945648 3.4602240584790707
 9.8632344007492065 23.932195425033569
 79.033094346523285 18.140799939632416
 24.086543291807175 1.5961432624608278
 2.9449625574052334 11.482039704918861
 1.6520648840814829 38.07006573677063
 9.6463252305984497 31.261650562286377
 37.4827800989151 40.363766014575958
 2.0274675693362951 4.4607549533247948
 4.4415134936571121 25.144644320011139
 34.225047826766968 30.030013144016266
 2.7582941129803658 17.751443564891815
 24.398978888988495 24.435193210840225
 20.915089279413223 12.716165497899055
 4.5242037624120712 22.506796270608902
 19.175372615456581 35.038056641817093
 49.379975497722626 63.470768511295319
 83.480796635150909 19.682862788438797
 38.443532228469849 45.263720452785492
 7.9536514133214951 43.429992735385895
 40.776605486869812 25.94059419631958
 45.620490491390228 45.636891931295395
 15.466694012284279 30.138649433851242
 33.507995784282684 11.206696078181267
 22.543184369802475 10.948819994926453
 40.8105548620224 49.917375445365906
 7.1592531204223633 43.733910322189331
 41.414242744445801 29.004849493503571
 87.505070924758911 17.591918185353279
 83.346097707748413 69.97754043340683
 10.855819910764694 49.688529670238495
 4.6480909436941147 5.4992877766489983
 34.665031611919403 1.7389441085979342
 29.51038783788681 8.9265187978744507
 30.326524019241333 27.576227426528931
 17.607611417770386 16.148594379425049
 29.167519688606262 46.18875914812088
 19.40174126625061 22.804573237895966
 46.465295851230621 23.543293416500092
 48.029394149780273 22.985773354768753
 27.246795237064362 20.511419117450714
 85.514834821224213 91.77801924943924
 64.095227003097534 3.4760077930986881
 45.140356063842773 48.196678936481476
 29.770004272460938 27.785624742507935
 75.959926545619965 60.99126261472702
 55.951798498630524 86.669656693935394
 22.740500509738922 35.761484861373901
 49.127494633197784 13.278470277786255
 27.044074475765228 34.159757196903229
 94.706922829151154 72.972663462162018
 19.622840076684952 40.943574845790863
 24.365387290716171 32.419071912765503
 13.375448256731033 10.168518111109734
 6.8698999732732773 34.974051535129547
 7.7253861129283905 16.614558607339859
 5.6116289868950844 2.3144523613154888
 70.601101994514465 91.62909334897995
 30.181202352046967 42.765993893146515
 16.252421230077744 32.371246635913849
 4.5351079255342484 31.447236001491547
 39.771433532238007 21.889159470796585
 32.906317293643951 10.400068387389183
 38.59522670507431 30.215639472007751
 28.357898354530334 29.645652711391449
 6.4341014474630356 25.672106742858887
 96.886977791786194 60.346115708351135
 28.649417877197266 15.141118049621582
 26.261092185974121 13.428875297307968
 47.468756318092346 49.531286001205444
 7.7431785762310028 44.022112011909485
 12.209330007433891 47.021418392658234
 5.905537948012352 21.941692799329758
 24.271290510892868 1.2663074103184044
 29.484533369541168 34.971849381923676
 38.942997515201569 41.223093509674072
 8.6330185979604721 34.672003149986267
 29.690014123916626 23.872185289859772
 40.521985173225403 9.6069354563951492
 89.534270405769348 59.929396986961365
 46.948171973228455 25.433405309915543
 7.518281489610672 47.361507952213287
 9.3477976620197296 23.735457569360733
 42.602067828178406 49.385038495063782
 38.784454166889191 9.5412907004356384
 3.1132483892142773 11.590727210044861
 20.528722375631332 24.243157565593719
 12.622408241033554 4.4456804990768433
 27.565538197755814 32.629101425409317
 19.720964640378952 72.187666177749634
 87.498402953147888 72.167249202728271
 14.151482373476028 37.860020041465759
 47.388547122478485 47.7073073387146
 97.906970918178558 40.880769401788712
 35.886554896831512 3.3655506372451782
 74.02544766664505 52.754895567893982
 33.142780065536499 3.5700759813189507
 32.84045422077179 45.40417343378067
 6.5580886602401733 45.739400148391724
 3.5884693637490273 29.686684608459473
 40.900007843971252 16.442462086677551
 3.5178708583116531 47.412718236446381
 11.451336607336998 3.2313094660639763
 21.628033459186554 46.660206854343414
 41.185156404972076 95.245512008666992
 11.113925263285637 38.777760088443756
 37.450772941112518 19.753814160823822
 48.242012917995453 31.394799053668976
 19.068832069635391 47.725619673728943
 43.437282621860504 34.820940554141998
 44.889669001102448 31.964832782745361
 41.350137889385223 12.08870005607605
 21.189255893230438 40.536080121994019
 28.814129590988159 44.171560525894165
 69.947168707847595 55.83747524023056
 19.36486542224884 11.396858870983124
 29.738712757825851 76.149420857429504
 15.349761843681335 14.988779574632645
 19.829223304986954 42.988385081291199
 89.940296769142151 72.740376114845276
 1.992728803306818 3.8113101460039616
 29.079947590827942 6.3834701776504517
 32.976304292678833 35.369005084037781
 14.360465720295906 12.145861223340034
 83.955408692359924 39.720253199338913
 8.7015058547258377 8.71682308614254
 1.847260557115078 12.259137660264969
 25.573263943195343 8.5698198676109314
 37.791271388530731 2.793557770550251
 5.0983765125274658 1.5795965380966663
 13.047342032194138 8.9556026458740234
 8.0732460021972656 24.405154556035995
 48.921657562255859 3.1945214234292507
 29.731381893157959 18.52915558218956
 36.970221638679504 14.591547936201096
 72.613188982009888 3.6725812926888466
 45.054667770862579 8.0662627816200256
 52.025850236415863 23.588978260755539
 1.4452947415411472 53.418099105358124
 24.088301509618759 17.850314110517502
 7.744318351149559 15.219609916210175
 64.632381230592728 73.048899799585342
 87.49945330619812 13.793955147266388
